8654.810428491795
9620.72314050887
9690.9931770798
9925.26218634903
10061.91488750442
10381.390616709887
10397.09768500877
10253.398827402318
9856.09328814863
10385.202017601292
10191.68975157948
10368.923465024396
10279.592215625715
9900.87432216858
10344.193354566614
10381.15176223985
10216.861075424376
9632.775112802767
8911.460793642496
10439.977186525899
10348.47178279833
10434.614907926867
10360.386615046978
10263.517007533399
8977.26492561512
10337.781224265156
10119.102192930244
10304.885132840633
10426.11461958724
10166.43191818814
10025.395535316073
9348.299166588356
10046.447746058046
9665.311851544046
10299.117614970275
10122.631457149322
10380.784451416144
9998.026651546083
10364.512285109548
8621.885986956635
9218.576950821714
8711.055800436618
10195.65608218172
10177.523221164327
9578.20905004232
10113.206666422882
9288.163353114114
9671.845597321335
10022.234323960745
9724.72894087404
8694.521779553495
9731.782427768181
10636.633911069985
10277.88440297499
9957.725153801643
10432.924509603376
9694.196116626446
9978.139576957714
9584.359506916297
9772.85639150631
